=== SHEET: Users and Jobs (1038 x 26) ===
1	Month	Jobs per month	New user registrations per month	Active users per month	Mean jobs/mo past 6mo	Mean users/mo past 6mo			Year	Total registered users
2	2007-01	1837.0	17.0	0.0	-	-			2007-01	120.0
3	2007-02	2893.0	17.0	38.0	-	-			2008-01	639.0
4	2007-03	4000.0	38.0	74.0	-	-			2009-01	1677.0
5	2007-04	4705.0	44.0	88.0	-	-			2010-01	3674.0
6	2007-05	4804.0	48.0	85.0	3647.8	32.8			2011-01	8224.0
7	2007-06	7337.0	50.0	97.0	4262.666667	35.66666667			2012-01	17432.0
8	2007-07	5964.0	44.0	105.0	4950.5	40.16666667			2013-01	29120.0
9	2007-08	8305.0	58.0	125.0	5852.5	47			2014-01	43178.0
10	2007-09	7027.0	59.0	128.0	6357	50.5			2015-01	57624.0
11	2007-10	9817.0	58.0	153.0	7209	52.83333333			2016-01	75763.0
12	2007-11	13866.0	57.0	130.0	8719.333333	54.33333333			2017-01	97328.0
13	2007-12	16309.0	29.0	92.0	10214.66667	50.83333333			2018-01	119066.0
14	2008-01	16649.0	35.0	132.0	11995.5	49.33333333			2019-01	145691.0
15	2008-02	16562.0	47.0	142.0	13371.66667	47.5			2020-01	174635.0
16	2008-03	19528.0	60.0	154.0	15455.16667	47.66666667			2021-01	209950.0
17	2008-04	13301.0	60.0	164.0	16035.83333	48			2022-01	247410.0
18	2008-05	14801.0	123.0	230.0	16191.66667	59			2023-01	284908.0
19	2008-06	12124.0	48.0	166.0	15494.16667	62.16666667
20	2008-07	13429.0	72.0	190.0	14957.5	68.33333333
21	2008-08	12338.0	95.0	221.0	14253.5	76.33333333
22	2008-09	15259.0	140.0	140.0	13542	89.66666667
23	2008-10	19375.0	125.0	279.0	14554.33333	100.5
24	2008-11	25453.0	136.0	292.0	16329.66667	102.6666667
25	2008-12	22800.0	97.0	255.0	18109	110.8333333
26	2009-01	24178.0	105.0	255.0	19900.5	116.3333333			Year	Total registered users
27	2009-02	29803.0	145.0	321.0	22811.33333	124.6666667			2007-06	284.0
28	2009-03	33249.0	144.0	314.0	25809.66667	125.3333333			2008-06	964.0
29	2009-04	32308.0	125.0	313.0	27965.16667	125.3333333			2009-06	2310.0
30	2009-05	32447.0	114.0	296.0	29130.83333	121.6666667			2010-06	5124.0
31	2009-06	36953.0	173.0	345.0	31489.66667	134.3333333			2011-06	11596.0
32	2009-07	38036.0	186.0	370.0	33799.33333	147.8333333			2012-06	22168.0
33	2009-08	30383.0	140.0	315.0	33896	147			2013-06	35095.0
34	2009-09	34991.0	208.0	365.0	34186.33333	157.6666667			2014-06	49358.0
35	2009-10	50318.0	267.0	488.0	37188	181.3333333			2015-06	64100.0
36	2009-11	57889.0	251.0	515.0	41428.33333	204.1666667			2016-06	85110.0
37	2009-12	39454.0	139.0	405.0	41845.16667	198.5			2017-06	106788.0
38	2010-01	52509.0	189.0	429.0	44257.33333	199			2018-06	130175.0
39	2010-02	48216.0	227.0	515.0	47229.5	213.5			2019-06	157692.0
40	2010-03	60123.0	324.0	598.0	51418.16667	232.8333333			2020-06	189322.0
41	2010-04	59221.0	370.0	695.0	52902	250			2021-06	226023.0
42	2010-05	70507.0	340.0	751.0	55005	264.8333333			2022-06	264310.0
43	2010-06	72298.0	316.0	753.0	60479	294.3333333			2023-06	304030.0
44	2010-07	68326.0	380.0	785.0	63115.16667	326.1666667
45	2010-08	76790.0	319.0	675.0	67877.5	341.5
46	2010-09	75913.0	472.0	932.0	70509.16667	366.1666667
47	2010-10	84258.0	478.0	938.0	74682	384.1666667
48	2010-11	88315.0	714.0	1200.0	77650	446.5
49	2010-12	65609.0	421.0	920.0	76535.16667	464
50	2011-01	89081.0	560.0	1060.0	79994.33333	494
51	2011-02	107291.0	674.0	1210.0	85077.83333	553.1666667
52	2011-03	126910.0	743.0	1470.0	93577.33333	598.3333333
53	2011-04	93658.0	722.0	1492.0	95144	639
54	2011-05	106008.0	674.0	1535.0	98092.83333	632.3333333
55	2011-06	101911.0	789.0	1534.0	104143.1667	693.6666667
56	2011-07	132523.0	817.0	1623.0	111383.5	736.5
57	2011-08	103301.0	762.0	1553.0	110718.5	751.1666667
58	2011-09	117074.0	838.0	1715.0	109079.1667	767
59	2011-10	125833.0	924.0	1836.0	114441.6667	800.6666667
60	2011-11	138855.0	967.0	2028.0	119916.1667	849.5
61	2011-12	118723.0	739.0	1695.0	122718.1667	841.1666667
62	2012-01	139996.0	856.0	1823.0	123963.6667	847.6666667
63	2012-02	117346.0	880.0	1936.0	126304.5	867.3333333
64	2012-03	132146.0	1155.0	2306.0	128816.5	920.1666667
65	2012-04	134566.0	884.0	1989.0	130272	913.5
66	2012-05	117583.0	967.0	2181.0	126726.6667	913.5
67	2012-06	137987.0	788.0	1895.0	129937.3333	921.6666667
68	2012-07	120184.0	944.0	2009.0	126635.3333	936.3333333
69	2012-08	123619.0	877.0	1926.0	127680.8333	935.8333333
70	2012-09	117306.0	934.0	2089.0	125207.5	899
71	2012-10	131584.0	1179.0	2384.0	124710.5	948.1666667
72	2012-11	120759.0	1294.0	2438.0	125239.8333	1002.666667
73	2012-12	105153.0	1021.0	2241.0	119767.5	1041.5
74	2013-01	119098.0	1260.0	2537.0	119586.5	1094.166667
75	2013-02	107229.0	1133.0	2515.0	116854.8333	1136.833333
76	2013-03	106700.0	1055.0	2487.0	115087.1667	1157
77	2013-04	118410.0	1177.0	2564.0	112891.5	1156.666667
78	2013-05	100188.0	1260.0	2678.0	109463	1151
79	2013-06	91527.0	1137.0	2545.0	107192	1170.333333
80	2013-07	81105.0	1067.0	2321.0	100859.8333	1138.166667
81	2013-08	82934.0	872.0	2012.0	96810.66667	1094.666667
82	2013-09	79120.0	1032.0	2124.0	92214	1090.833333
83	2013-10	115045.0	1337.0	2448.0	91653.16667	1117.5
84	2013-11	150085.0	1395.0	2677.0	99969.33333	1140
85	2013-12	108061.0	1241.0	2406.0	102725	1157.333333
86	2014-01	123476.0	1318.0	2573.0	109786.8333	1199.166667
87	2014-02	152506.0	1182.0	2721.0	121382.1667	1250.833333
88	2014-03	106748.0	1148.0	2521.0	125986.8333	1270.166667
89	2014-04	146627.0	1274.0	2756.0	131250.5	1259.666667
90	2014-05	135229.0	1259.0	2743.0	128774.5	1237
91	2014-06	132565.0	1151.0	2568.0	132858.5	1222
92	2014-07	144794.0	1076.0	2346.0	136411.5	1181.666667
93	2014-08	143617.0	741.0	1894.0	134930	1108.166667
94	2014-09	336562.0	1193.0	2313.0	173232.3333	1115.666667
95	2014-10	148684.0	1577.0	2955.0	173575.1667	1166.166667
96	2014-11	157118.0	1391.0	2798.0	177223.3333	1188.166667
97	2014-12	182855.0	1136.0	2545.0	185605	1185.666667
98	2015-01	137711.0	1196.0	2299.0	184424.5	1205.666667
99	2015-02	168309.0	1373.0	2594.0	188539.8333	1311
100	2015-03	243489.0	1420.0	2874.0	173027.6667	1348.833333
101	2015-04	227349.0	1186.0	2782.0	186138.5	1283.666667
102	2015-05	163276.0	1305.0	2793.0	187164.8333	1269.333333
103	2015-06	176479.0	1219.0	2726.0	186102.1667	1283.166667
104	2015-07	237081.0	1769.0	3133.0	202663.8333	1378.666667
105	2015-08	165335.0	1140.0	2487.0	202168.1667	1339.833333
106	2015-09	217078.0	1926.0	3309.0	197766.3333	1424.166667
107	2015-10	272585.0	2071.0	3734.0	205305.6667	1571.666667
108	2015-11	239109.0	2087.0	3779.0	217944.5	1702
109	2015-12	276706.0	1447.0	3354.0	234649	1740
110	2016-01	269817.0	1852.0	3318.0	240105	1753.833333
111	2016-02	283485.0	1764.0	3534.0	259796.6667	1857.833333
112	2016-03	288093.0	2234.0	4403.0	271632.5	1909.166667
113	2016-04	344672.0	1865.0	4161.0	283647	1874.833333
114	2016-05	262501.0	1637.0	3692.0	287545.6667	1799.833333
115	2016-06	231059.0	1529.0	3604.0	279937.8333	1813.5
116	2016-07	215587.0	1152.0	2915.0	270899.5	1696.833333
117	2016-08	183052.0	1332.0	2858.0	254160.6667	1624.833333
118	2016-09	191983.0	2049.0	3639.0	238142.3333	1594
119	2016-10	199823.0	2174.0	4219.0	214000.8333	1645.5
120	2016-11	185745.0	2560.0	4788.0	201208.1667	1799.333333
121	2016-12	176090.0	1418.0	3627.0	192046.6667	1780.833333
122	2017-01	210495.0	1703.0	3532.0	191198	1872.666667
123	2017-02	221429.0	1869.0	3916.0	197594.1667	1962.166667
124	2017-03	233646.0	2304.0	4616.0	204538	2004.666667
125	2017-04	224442.0	1542.0	3847.0	208641.1667	1899.333333
126	2017-05	234733.0	2045.0	4269.0	216805.8333	1813.5
127	2017-06	214524.0	1456.0	3586.0	223211.5	1819.833333
128	2017-07	198993.0	1197.0	3020.0	221294.5	1735.5
129	2017-08	202719.0	1207.0	2900.0	218176.1667	1625.166667
130	2017-09	234661.0	1718.0	3552.0	218345.3333	1527.5
131	2017-10	265483.0	2289.0	4220.0	225185.5	1652
132	2017-11	328722.0	2872.0	5163.0	240850.3333	1789.833333
133	2017-12	235641.0	1539.0	3952.0	244369.8333	1803.666667
134	2018-01	263518.0	1821.0	3790.0	255124	1907.666667
135	2018-02	301075.0	1985.0	4299.0	271516.6667	2037.333333
136	2018-03	339265.0	2603.0	5362.0	288950.6667	2184.833333
137	2018-04	285984.0	2355.0	4979.0	292367.5	2195.833333
138	2018-05	293750.0	2344.0	5081.0	286538.8333	2107.833333
139	2018-06	285598.0	1674.0	4145.0	294865	2130.333333
140	2018-07	223298.0	1696.0	3734.0	288161.6667	2109.5
141	2018-08	211308.0	1581.0	3523.0	273200.5	2042.166667
142	2018-09	242379.0	2172.0	4053.0	257052.8333	1970.333333
143	2018-10	337845.0	3150.0	5596.0	265696.3333	2102.833333
144	2018-11	320550.0	3151.0	6052.0	270163	2237.333333
145	2018-12	280273.0	2095.0	4838.0	269275.5	2307.5
146	2019-01	294060.0	2369.0	4639.0	281069.1667	2419.666667
147	2019-02	287591.0	2051.0	4538.0	293783	2498
148	2019-03	326284.0	2891.0	5494.0	307767.1667	2617.833333
149	2019-04	363626.0	2312.0	5198.0	312064	2478.166667
150	2019-05	378097.0	2378.0	5313.0	321655.1667	2349.333333
151	2019-06	327290.0	1749.0	4190.0	329491.3333	2291.666667
152	2019-07	337352.0	1890.0	4315.0	336706.6667	2211.833333
153	2019-08	304425.0	1549.0	3751.0	339512.3333	2128.166667
154	2019-09	321943.0	2253.0	4519.0	338788.8333	2021.833333
155	2019-10	448343.0	3581.0	6254.0	352908.3333	2233.333333
156	2019-11	365097.0	3819.0	7088.0	350741.6667	2473.5
157	2019-12	276597.0	2102.0	4784.0	342292.8333	2532.333333
158	2020-01	377797.0	2355.0	4919.0	349033.6667	2609.833333
159	2020-02	395896.0	2623.0	5202.0	364278.8333	2788.833333
160	2020-03	452449.0	3663.0	6791.0	386029.8333	3023.833333
161	2020-04	522474.0	3040.0	6623.0	398385	2933.666667
162	2020-05	506751.0	3006.0	6712.0	421994	2798.166667
163	2020-06	474055.0	2448.0	5534.0	454903.6667	2855.833333
164	2020-07	490944.0	2228.0	4908.0	473761.5	2834.666667
165	2020-08	637710.0	1902.0	4281.0	514063.8333	2714.5
166	2020-09	676082.0	3166.0	5536.0	551336	2631.666667
167	2020-10	426527.0	3843.0	6362.0	535344.8333	2765.5
168	2020-11	555919.0	4321.0	7640.0	543539.5	2984.666667
169	2020-12	479066.0	2720.0	6201.0	544374.6667	3030
170	2021-01	499041.0	2675.0	5578.0	545724.1667	3104.5
171	2021-02	445317.0	2813.0	5851.0	513658.6667	3256.333333
172	2021-03	574066.0	3867.0	7182.0	496656	3373.166667
173	2021-04	449636.0	3202.0	6970.0	500507.5	3266.333333
174	2021-05	735225.0	3516.0	7121.0	530391.8333	3132.166667
175	2021-06	701083.0	2983.0	6364.0	567394.6667	3176
176	2021-07	592584.0	2036.0	5168.0	582985.1667	3069.5
177	2021-08	495535.0	2476.0	5207.0	591354.8333	3013.333333
178	2021-09	507083.0	2665.0	5550.0	580191	2813
179	2021-10	667726.0	3928.0	6996.0	616539.3333	2934
180	2021-11	525809.0	4557.0	8158.0	581636.6667	3107.5
181	2021-12	497177.0	2742.0	6739.0	547652.3333	3067.333333
182	2022-01	498006.0	2808.0	6070.0	531889.3333	3196
183	2022-02	530042.0	2842.0	5987.0	537640.5	3257
184	2022-03	534155.0	4762.0	8502.0	542152.5	3606.5
185	2022-04	598845.0	3114.0	7555.0	530672.3333	3470.833333
186	2022-05	862658.0	3374.0	7551.0	586813.8333	3273.666667
187	2022-06	873429.0	2440.0	6229.0	649522.5	3223.333333
188	2022-07	485731.0	2078.0	5092.0	647476.6667	3101.666667	ENIS UPDATED VALUES BELOW ON JUNE 9, 2023
189	2022-08	392113.0	2008.0	4782.0	624488.5	2962.666667
190	2022-09	356006.0	2663.0	5603.0	594797	2612.833333
191	2022-10	447572.0	3910.0	7082.0	569584.8333	2745.5
192	2022-11	420146.0	4803.0	8656.0	495832.8333	2983.666667
193	2022-12	477854.0	2696.0	6586.0	429903.6667	3026.333333
194	2023-01	477476.0	2664.0	5912.0	428527.8333	3124
195	2023-02	548328.0	3622.0	6314.0	454563.6667	3393
196	2023-03	539413.0	5193.0	9153.0	485131.5	3814.666667
197	2023-04	497796.0	3494.0	7901.0	493502.1667	3745.333333
198	2023-05	917220.0	4149.0	8276.0	576347.8333	3636.333333
199	2023-06	479994.0	3057.0	6683.0	576704.5	3696.5
200	2023-07	503152.0	2640.0	5570.0	580983.8333	3692.5
201	2023-08	408508.0	2753.0	5507.0	557680.5	3547.666667
202	2023-09	441973.0	3710.0	6635.0	541440.5	3300.5
203	2023-10	583310.0	5021.0	8558.0	555692.8333	3555
204	2023-11	635444.0	5076.0	9759.0	508730.1667	3709.5
205	2023-12	534813.0	2739.0	6833.0	517866.6667	3656.5
206	2024-01	589402.0	3711.0	6812.0	532241.6667	3835
207	2024-02	748933.0	4709.0	8137.0	588979.1667	4161
208	2024-03	676760.0	4934.0	9471.0	628110.3333	4365
209	2024-04	682979.0	4794.0	9762.0	644721.8333	4327.166667
210	2024-05	702366.0	4226.0	8810.0	655875.5	4185.5
211	2024-06	522002.0	2882.0	6532.0	653740.3333	4209.333333
212	2024-07	658829.0	3078.0	6350.0	665311.5	4103.833333
213	2024-08	571390.0	3292.0	6298.0	635721	3867.666667
214	2024-09	743512.0	4077.0	7333.0	646846.3333	3724.833333
215	2024-10	999522.0	5927.0	9987.0	699603.5	3913.666667
216	2024-11	1024885.0	6040.0	10896.0	753356.6667	4216
217	2024-12	772056.0	3876.0	8930.0	795032.3333	4381.666667
218	2025-01	663739.0	4292.0	7955.0	795850.6667	4584
219	2025-02	679327.0	5762.0	9676.0	813840.1667	4995.666667
220	2025-03	884076.0	5929.0	11024.0	837267.5	5304.333333
221	2025-04	906973.0	5847.0	10678.0	821842.6667	5291
222	2025-05	747443.0	5253.0	9594.0	775602.3333	5159.833333
223	2025-06	704374.0	4724.0	8492.0	764322	5301.166667
224	2025-07	730021.0	3990.0	7534.0	775369	5250.833333
225	2025-08	612891.0	3702.0	6264.0	764296.3333	4907.5
226	2025-09	691528.0	5192.0	7851.0	732205	4784.666667
227	2025-10	1010496.0	7091.0	10382.0	749458.8333	4992
228	2025-11	809806.0	7057.0	11109.0	759852.6667	5292.666667
229	2025-12	587077.0	4503.0	8820.0	740303.1667	5255.833333
230	2026-01	631722.0	4699.0	7644.0	723920	5374
231	2026-02	641940.0	6264.0	9443.0	728761.5	5801
232	2026-03	730903.0	6833.0	9898.0	735324	6074.5
233	2026-04	757187.0	7645.0	10628.0	693105.8333	6166.833333
234	2026-05	1000040.0	5592.0	8789.0	724811.5	5922.666667
235	2026-06	575001.0	4771.0	7182.0	722798.8333	5967.333333
238	TOTAL	70944823	479604

=== SHEET: Other Stuff (2 x 3) ===
1	Installed tool counts (excludes versions):	2008.0	curl https://usegalaxy.org/api/tools | jq '.[] | .elems' | jq flatten | jq '.[] | {id}' |  grep 'id' | wc -l
2	User Country Count - will have to wait for DB

=== SHEET: CPU Hours (187 x 37) ===
1	Month	jetstream-iu multi	jetstream-tacc multi	jetstream2-multi	jetstream-tacc xlarge	jetstream2-large	jetstream2-xlarge	roundup multi	all multi	roundup single	Roundup/Cyclone	Jetstream	Jetstream2	Jetstream2 GPU	Bridges-2	Expanse	Stampede 2	Stampede 3	Rockfish	Anvil	Frontera	Galaxy Dedicated	XSEDE	non-XSEDE	ALL
2	2016-01							78230.0	78230.0	18319.0		0					379.0					96549	379	96549	96928
3	2016-02	1.0	0.0					90895.0	90896.0	18528.0		1					0.0					109423	1	109423	109424
4	2016-03	1.0	1.0					81978.0	81981.0	20754.0		2					6937.0					102732	6939	102732	109671
5	2016-04	7250.0	20457.0					68441.0	96149.0	23045.0		27707					2870.0					91486	30577	91486	122063
6	2016-05	12597.0	35914.0					31262.0	79774.0	15186.0		48511					1756.0					46448	50267	46448	96715
7	2016-06	16395.0	38096.0					52040.0	106533.0	14726.0		54491					4223.0					66766	58714	66766	125480
8	2016-07	36707.0						65843.0	102550.0	15755.0		36707					2261.0					81598	38968	81598	120566
9	2016-08	16366.0	10761.0					59638.0	86766.0	14795.0		27127					1898.0					74433	29025	74433	103458
10	2016-09	11447.0	27050.0					57320.0	95819.0	20782.0		38497			938.0		1205.0					78102	40640	78102	118742
11	2016-10	20206.0	41611.0					43072.0	104890.0	18396.0		61817			6399.0		10985.0					61468	79201	61468	140669
12	2016-11	21503.0	26290.0					50714.0	98508.0	19314.0		47793			5579.0		9734.0					70028	63106	70028	133134
13	2016-12	20358.0	35283.0					29982.0	85624.0	14173.0		55641			8438.0		4294.0					44155	68373	44155	112528
14	2017-01	21100.0	32685.0					44728.0	98513.0	15244.0		53785			9962.0		5349.0					59972	69096	59972	129068
15	2017-02	21206.0	35163.0					48652.0	105022.0	17346.0		56369			25944.0		6411.0					65998	88724	65998	154722
16	2017-03	26189.0	51880.0					43350.0	121420.0	19087.0		78069			16910.0		3475.0					62437	98454	62437	160891
17	2017-04	18284.0	28271.0					29647.0	76204.0	16701.0		46555			16619.0		3591.0					46348	66765	46348	113113
18	2017-05	17496.0	28673.0					33077.0	79246.0	14515.0		46169			20211.0		1570.0					47592	67950	47592	115542
19	2017-06	14726.0	24048.0					35818.0	74593.0	17736.0		38774			29111.0		611.0					53554	68496	53554	122050
20	2017-07	9751.0	12535.0					45165.0	67451.0	14211.0		22286			11985.0		9.0					59376	34280	59376	93656
21	2017-08	4576.0	981.0					66874.0	72432.0	15963.0		5557			14813.0		0.0					82837	20370	82837	103207
22	2017-09	5924.0	848.0					61357.0	68129.0	13863.0		6772			23952.0		156.0					75220	30880	75220	106100
23	2017-10	10402.0	5173.0					85215.0	100791.0	15660.0		15575			24480.0		5383.0					100875	45438	100875	146313
24	2017-11	14371.0	9186.0					93259.0	116817.0	19216.0		23557			25275.0		2679.0					112475	51511	112475	163986
25	2017-12	1849.0	864.0					84615.0	87328.0	16048.0		2713			12721.0		3803.0					100663	19237	100663	119900
26	2018-01	8150.0	1710.0					77499.0	87360.0	16695.0		9860			47785.0		6576.0					94194	64221	94194	158415
27	2018-02	20126.0	13687.0					88658.0	122472.0	20189.0		33813			49288.0		3104.0					108847	86205	108847	195052
28	2018-03	20963.0	18027.0					99955.0	138947.0	24434.0		38990			43398.0		2021.0					124389	84409	124389	208798
29	2018-04	19461.0	15544.0					84885.0	119891.0	21682.0		35005			36821.0		11135.0					106567	82961	106567	189528								6763.041667
30	2018-05	24063.0	11525.0					94989.0	130577.0	31761.0		35588			44257.0		158368.0					126750	238213	126750	364963
31	2018-06	10754.0	14670.0					92865.0	118290.0	32751.0		25424			26249.0		88747.0					125616	140420	125616	266036
32	2018-07	24449.0	6439.0					78480.0	109369.0	26370.0		30888			15005.0		26090.0					104850	71983	104850	176833
33	2018-08	18184.0	11857.0					96997.0	127039.0	27881.0		30041			17186.0		15483.0					124878	62710	124878	187588
34	2018-09	24275.0	4818.0					78086.0	107180.0	25990.0		29093			27222.0		1237.0					104076	57552	104076	161628
35	2018-10	28237.0	1861.0					72209.0	102308.0	39477.0		30098			71632.0		34823.0					111686	136553	111686	248239
36	2018-11	20187.0	19522.0					69206.0	108916.0	29132.0		39709			54399.0		40637.0					98338	134745	98338	233083
37	2018-12	12262.0	3116.0					66909.0	82289.0	29298.0		15378			34438.0		27576.0					96207	77392	96207	173599
38	2019-01	29170.0	1629.0					87397.0	118197.0	36258.0		30799			39767.0		7816.0					123655	78382	123655	202037
39	2019-02	19411.0	3275.0					69099.0	91787.0	33125.0		22686			47983.0		5773.0					102224	76442	102224	178666
40	2019-03	21606.0	7433.0					70481.0	99521.0	36780.0		29039			53945.0		2035.0					107261	85019	107261	192280
41	2019-04	27604.0	2111.0					79003.0	108718.0	32247.0		29715			53988.0		12278.0					111250	95981	111250	207231
42	2019-05	38805.0	3110.0					89603.0	131520.0	44247.0		41915			59412.0		4749.0					133850	106076	133850	239926
43	2019-06	30883.0	3290.0					84307.0	118481.0	32458.0		34173			45611.0		16828.0					116765	96612	116765	213377
44	2019-07	48168.0	4509.0					101592.0	154270.0	38771.0		52677			40860.0		28193.0					140363	121730	140363	262093
45	2019-08	32887.0	1866.0					93141.0	127894.0	31126.0		34753			24008.0		10814.0					124267	69575	124267	193842
46	2019-09	22525.0	1957.0					81773.0	106256.0	41077.0		24482			39850.0		15915.0					122850	80247	122850	203097
47	2019-10	31587.0	20.0					89319.0	120927.0	46611.0		31607			37461.0		120441.0					135930	189509	135930	325439
48	2019-11	33970.0	0.0					79970.0	113940.0	37640.0		33970			57294.0		28447.0					117610	119711	117610	237321
49	2019-12	13976.0	0.0					81080.0	95056.0	33056.0		13976			76388.0		13818.0					114136	104182	114136	218318
50	2020-01	24996.0	0.0					94421.0	119417.0	29963.0		24996			88018.0		19181.0					124384	132195	124384	256579
51	2020-02	34965.0	0.0					90095.0	125061.0	32788.0		34965			120347.0		2.0					122883	155314	122883	278197
52	2020-03	34430.0	0.0					92448.0	126878.0	38214.0		34430			64547.0		1109.0					130662	100086	130662	230748
53	2020-04	77654.0	0.0					101679.0	179334.0	32769.0		77654			547.0		50986.0					134448	129187	134448	263635
54	2020-05	74757.0	0.0					99938.0	174695.0	31725.0		74757			8973.0		3991.0					131663	87721	131663	219384
55	2020-06	83643.0	0.0					78608.0	162251.0	33264.0		83643			3276.0		7464.0					111872	94383	111872	206255
56	2020-07	86216.0	0.0		10016.0			91531.0	177747.0	24859.0		96232			6922.0		36074.0					116390	139228	116390	255618
57	2020-08	36542.0	0.0		16772.0			115375.0	151918.0	24559.0		53314			4666.0		79682.0					139934	137662	139934	277596
58	2020-09	44158.0	0.0		34179.0			107862.0	152021.0	23014.0		78337			11126.0		24550.0					130876	114013	130876	244889
59	2020-10	46346.0	0.0		29760.0			92943.0	139289.0	21745.0		76106			7324.0		49555.0					114688	132985	114688	247673
60	2020-11	70951.0	0.0		42449.0			134053.0	205004.0	27951.0		113400			10843.0		16807.0					162004	141050	162004	303054
61	2020-12	66475.0	0.0		42985.0			134371.0	200847.0	26245.0		109460			10157.0		47166.0					160616	166783	160616	327399
62	2021-01	70442.0	0.0		38793.0			154168.0	224610.0	24489.0		109235			21639.0		59078.0					178657	189952	178657	368609
63	2021-02	27224.0	0.0		79015.0			149255.0	176479.0	26903.0		106239			109112.0		30969.0					176158	246320	176158	422478
64	2021-03	70413.0	0.0		76373.0			150245.0	220658.0	28268.0		146786			104549.0		25643.0					178513	276978	178513	455491
65	2021-04	74550.0	0.0		70518.0			163071.0	237622.0	28724.0		145068			86393.0		35732.0					191795	267193	191795	458988
66	2021-05	95535.0	0.0		106892.0			166859.0	262394.0	29479.0		202427			93983.0		12535.0					196338	308945	196338	505283
67	2021-06	22157.0	0.0		14780.0			132087.0	154244.0	24554.0		36937			154689.0		29876.0					156641	221502	156641	378143
68	2021-07	1980.0	3463.0		0.0			166853.0	172297.0	23173.0		5443			247069.0	1997.0	28225.0				0.0	190026	282734	190026	472760
69	2021-08	18897.0	10208.0		40333.0			121961.0	151067.0	18208.0		69438			119761.0	4048.0	32922.0				73.0	140169	226169	140242	366411
70	2021-09	38583.0	25138.0		76085.0			107976.0	171698.0	18167.0		139806			8840.0	12235.0	31246.0				559.0	126143	192127	126702	318829
71	2021-10	43521.0	20871.0		150680.0			130445.0	194838.0	27337.0		215072	0		195116.0	0.0	12293.0				1736.0	157782	422481	159518	581999
72	2021-11	91591.0	24183.0		225031.0			165856.0	281630.0	32024.0		340805	0		128066.0	0.0	9887.0				1830.0	197880	478758	199710	678468
73	2021-12	33451.0	14788.0	0.0	101439.0			148807.0	197048.0	26487.0		149678	0		231373.0	0.0	26896.0				1837.0	175294	407947	177131	585078
74	2022-01	28562.0	15652.0		135576.0			160202.0	204417.0	21916.0		179790	0		230943.0	0.0	31574.0				1928.0	182118	442307	184046	626353
75	2022-02	32795.0	15881.0		157374.0			130953.0	179630.0	20182.0		206050	0		221633.0	0.0	8986.0				941.0	151135	436669	152076	588745
76	2022-03	43889.0	16350.0	0.0	161206.0			155359.0	215600.0	23599.0		221445	0		126730.0	0.0	31206.0				2535.0	178958	379381	181493	560874
77	2022-04	51384.0	15526.0	7360.0	246989.0			143792.0	218064.0	28133.0		313899	7360		0.0	0.0	68349.0				7015.0	171925	389608	178940	568548
78	2022-05	67881.0	14779.0	14206.0	124275.0			169962.0	266830.0	27245.0		206935	14206		0.0	0.0	460093.0				16672.0	197207	681234	213879	895113
79	2022-06	80343.0	21103.0	15489.0	171024.0			135324.0	252261.0	26816.0		272470	15489		0.0	0.0	103961.0				9298.0	162140	391920	171438	563358
80	2022-07	58475.0	31786.0	6963.0	136088.0	502.0	1.0	113211.0	210436.0	31095.0		234455	8247.0		0.0	0.0	378875.0		0.0		53730.0	152672.0	621577	206402	827979
81	2022-08	16355.0	5991.0	27786.0	16300.0	8761.0	882.0	100034.0	150168.0	18689.0		40735	39287.0		0.0	0.0	306424.0		0.0		21736.0	124988.0	386446	146724	533170
82	2022-09	0.0	0.0	24809.0		9308.0	5.0	92281.0	117091.0	16975.0		0	37383.0		0.0	0.0	218642.0		0.0		16537.0	115183.0	256025	131720	387745
83	2022-10			61023.0		28725.0	207.0	107555.0	168578.0	22204.0		0	96856.0		0.0	0.0	308130.0		0.0		0.0	135515.0	404986	135515	540501
84	2022-11			57845.0		16135.0	193.0	104057.0	161903.0	20893.0		0	83726.0		0.0	0.0	326593.0		0.0		0.0	133392.0	410319	133392	543711
85	2022-12			79037.0		35167.0	3842.0	127338.0	206375.0	18870.0		0	128136.0		0.0	0.0	522909.0		0.0		0.0	152319.0	651045	152319	803364
86	2023-01			80044.0		15296.0	4283.0	113252.0	193297.0	22302.0		0	106054.0		0.0	0.0	401427.0		0.0		0.0	144483.0	507481	144483	651964
87	2023-02			70124.0		16374.0	6975.0	112281.0	182406.0	22795.0		0	97542.0		0.0	0.0	229934.0		0.0		0.0	142264.0	327476	142264	469740
88	2023-03			101843.0		18454.0	3846.0	93048.0	194891.0	25238.0		0	131538.0		63886.0	0.0	524587.0		0.0		0.0	127434.0	720011	127434	847445
89	2023-04			75974.0		10530.0	908.0	120775.0	196750.0	20285.0		0	100632.0		144640.0	5156.0	539545.0		12.0		0.0	148143.0	789985	148143	938128
90	2023-05			69832.0		10421.0	4681.0	116615.0	186447.0	22882.0		0	98492.0		187767.0	36185.0	100939.0		21563.0		0.0	149698.0	444946	149698	594644
91	2023-06			62413.0		9742.0	5050.0	99510.0	161924.0	19343.0		0	90458.0		276360.0	0.0	63718.0		25488.0		0.0	129097.0	456024	129097	585121
92	2023-07										136219.0		79552.0		135617.0	34486.0	31632.0		0.0		0.0	136219	281287	136219	417506	276710.0
93	2023-08										129583.0		65781.0		207527.0	37835.0	9263.0		0.0		0.0	129583	320406	129583	449989	241084.0
94	2023-09										118939.0		96370.0		173427.0	28591.0	3992.0		25211.0		0.0	118939	327591	118939	446530	258262.0
95	2023-10										126095.0		168772.0		167800.0	70654.0	8340.0		44205.0		0.0	126095	459771	126095	585866	345664.0
96	2023-11										82261.0		181879.0		191223.0	372155.0			73939.0		0.0	82261	819196	82261	901457	361976.0
97	2023-12										82164.0		156949.0		237192.0	237374.0			263474.0		0.0	82164	894989	82164	977153	345564.0
98	2024-01										90813.0		153501.0		257479.0	88063.0			89855.0		0.0	90813	588898	90813	679711	322444.0
99	2024-02										105930.0		178234.0		198929.0	510758.0			148275.0		0.0	105930	1036196	105930	1142126	390667.0
100	2024-03										119179.0		204071.0		0.0	1234943.0			213255.0		0.0	119179	1652269	119179	1771448	425100.0
101	2024-04										132071.0		220110.0		103818.0	35939.0		132987.0	152104.0		807.0	132071	644958	132878	777836	480596.0
102	2024-05										190873.0		228350.0		128019.0	0.0		296641.0	116516.0		155.0	190873	769526	191028	960554	524447.0
103	2024-06										143794.0		171372.0		0.0	0.0		214348.0	19340.0		8454.0	143794	405060	152248	557308	376337.0
104	2024-07										161518.0		270650.0	1453.0	0.0	0.0		298829.0		0.0	0.0	161518	570932	161518	732450	512772.0
105	2024-08										173411.0		339159.0	1943.0	0.0	0.0		430541.0		0.0	3972.0	173411	771643	177383	949026	648105.0
106	2024-09										156641.0		166171.0	1704.0	122846.0	149381.0		222113.0		0.0	621.0	156641	662215	157262	819477	434047.0
107	2024-10										195714.0		270906.0	1332.0	208309.0	294156.0		95429.0		0.0	926.0	195714	870132	196640	1066772	619929.0
108	2024-11										200544.0		229174.0	1478.0	184265.0	213271.0		114091.0		0.0	2306.0	200544	742279	202850	945129	578750.0
109	2024-12										198491.0		241191.0	1318.0	358198.0	286244.0		166183.0		0.0	15015.0	198491	1053134	213506	1266640	651184.0
110	2025-01										180258.0		212300.0	205.0	142743.0	248859.0		61076.0		0.0	3874.0	180258	665183	184132	849315	532035.0
111	2025-02										165893.0		224989.0	81.0	232935.0	77341.0		17229.0		0.0	2184.0	165893	552575	168077	720652	502242.0
112	2025-03										190828.0		546609.0	1292.0	264889.0	62868.0		13268.0		175456.0	1031.0	190828	1064382	191859	1256241	888027.0
113	2025-04										151364.0		348686.0	1591.0	152253.0	120547.0		37487.0		347097.0	757.0	151364	1007661	152121	1159782	657140.0
114	2025-05										177130.0		420340.0	1694.0	0.0	114385.0		0.0		420313.0	0.0	177130	956732	177130	1133862	680264.0
115	2025-06										159491.0		372797.0	2301.0	0.0	11961.0		0.0		835549.0	0.0	159491	1222608	159491	1382099	665290.0
116	2025-07										138179.0		270801.0	1686.0		131968.0		0.0		82889.0		138179	487344	138179	625523
117	2025-08										128804.0		566255.0	937.0		57847.0				78551.0		128804	703590	128804	832394
118	2025-09										100598.0		604460.0	1503.0		79087.0				119192.0		100598	804242	100598	904840
119	2025-10										152833.0		693777.0	429.0	82195.0	40180.0				68948.0		152833	885529	152833	1038362
120	2025-11										133290.0		499579.0	446.0	90918.0	105299.0		2678.0		62094.0		133290	761014	133290	894304
121	2025-12										116500.0		447786.0	912.0	84177.0	69526.0				53364.0		116500	655765	116500	772265
122	2026-01										100109.0		620931.0	505.0	82988.0	82738.0		4.0		41363.0		100109	828529	100109	928638
123	2026-02										109568.0		560047.0	1326.0	126851.0	102054.0		64.0		17734.0		109568	808076	109568	917644
124	2026-03										151235.0		452224.0	902.0		149949.0		9.0		101723.0		151235	704807	151235	856042
125	2026-04										148252.0		757216.0	1523.0	110606.0	87963.0		16.0		41122.0		148252	998446	148252	1146698
126	2026-05										165951.0		1032535.0	584.0	81673.0	92530.0		487.0		35159.0		165951	1242968	165951	1408919
127	2026-06										63415.0		575856.0	1497.0		64699.0		3041.0		6.0		63415	645099	63415	708514
128	xrac17 sum	302083	450547		0			1118083	1870730	358439		752630	0		190861	0	67714					1476522	1011205	1476522	2487727				2017 XRAC	2018 XRAC	2019/2020 XRAC	2021 XRAC	2022 XRAC	2023 XRAC	2024 XRAC	2025 XRAC	2026 XRAC
129	xrac18 sum	197047	113500		0			1055503	1366061	278677		310547	0		369687	0	324626					1334180	1004860	1334180	2339040			Galaxy Dedicated	73826.1	111181.6667	120812.6667	164312.3333	163940.1667	137257.1667	130395.8333	165607.8333	126794.7778
130	xrac19 sum	908639	53699	0	60967			2087046	3049402	812458		1023305	0		1045458	0	593182				0	2899504	2661945	2899504	5561449			Frontera			0	52.66666667	11316.25	0	1167.416667	2174.416667	0
131	xrac20 sum	603553	38809	0	617983			1673842	2316209	297906		1260345	0		974359	18280	399754				632	1971748	2652738	1972380	4625118			Jetstream	37631.5	25878.91667	42637.70833	105028.75	198444.5	0	0	0	0
132	xrac21 sum	548247	196910	96613	1625982	18571	888	1646226	2488013	300498		2381334	121972		1133861	0	1657186		0		135795	1967282	5294353	2103077	7397430			Jetstream2	0	0	0	0	10164.33333	103714.8889	203268.1667	359042.3333	626661.2222
133	xrac22 sum	0	0	658135	0	160844	29985	994431	1652571	194812	0	0	933434		672653	41341	3017782	0	47063		0	1647086	5641557	1647086	7288643			Jetstream2 GPU							425	1284.833333	902.6666667
134	xrac23 sum	0	0	0	0	0	0	0	0	0	1564750	0	2439218	5100	1407306	2699267	8340	1595459	1120963	0	14009	1564750	9275653	1578759	10854412			Bridges-2	9543.05	30807.25	43560.75	81196.58333	94488.41667	74739.22222	117275.5	128632.6667	73267.55556
135	xrac24 sum	0	0	0	0	0	0	0	0	0	1987294	0	4308508	15418	1543592	1698534	0	504763	0	2059047	26093	1987294	10129862	2013387	12143249			Expanse			0	1523.333333	0	4593.444444	224938.9167	141544.5	88326.44444
136	xrac25 sum	0	0	0	0	0	0	0	0	0	1141153	0	5639951	8124	659408	794938	0	6299	0	421513	0	1141153	7530233	1141153	8671386			Anvil							0	171587.25	46834.77778
137	xrac17 hrs/mo	15104.15	22527.35		0			55904.15	93536.5	17921.95		37631.5	0		9543.05		3385.7					73826.1	50560.25	73826.1	124386.35			Stampede 3	3385.7	27052.16667	24715.91667	33312.83333	138098.8333	335309.1111	133649.9167	42063.58333	699.8888889
138	xrac18 hrs/mo	16420.58333	9458.333333		0			87958.58333	113838.4167	23223.08333		25878.91667	0		30807.25		27052.16667					111181.6667	83738.33333	111181.6667	194920			Rockfish						5229.222222	93413.58333	0	0
139	xrac19 hrs/mo	37859.95833	2237.458333	0	2540.291667			86960.25	127058.4167	33852.41667		42637.70833	0		43560.75	0	24715.91667				0	120812.6667	110914.375	120812.6667	231727.0417			Total ALL	124386.35	194920	231727.0417	385426.5	616452.5	607386.9167	904534.3333	1011937.417	963487.3333
140	xrac20 hrs/mo	50296.08333	3234.083333	0	51498.58333			139486.8333	193017.4167	24825.5		105028.75	0		81196.58333	1523.333333	33312.83333				52.66666667	164312.3333	221061.5	164365	385426.5			Total XSEDE	50560.25	83738.33333	110914.375	221061.5	441196.0833	470129.75	772971.0833	844155.1667	836692.5556
141	xrac21 hrs/mo	45687.25	16409.16667	8051.083333	135498.5	1547.583333	74	137185.5	207334.4167	25041.5		198444.5	10164.33333		94488.41667	0	138098.8333		0		11316.25	163940.1667	441196.0833	175256.4167	616452.5			Ratio Dedicated/XSEDE	0.4064774792	0.4296035981	0.4786423466	0.5736287233	0.7290855296	0.774020212	0.8556557353	0.8359933635	0.8684001612
142	xrac22/hrs/mo	0	0	54844.58333	0	13403.66667	2498.75	82869.25	137714.25	16234.33333	0	0	103714.8889		74739.22222	4593.444444	335309.1111	0	5229.222222		0	137257.1667	470129.75	137257.1667	607386.9167
143	xrac23 hrs/mo	0	0	0	0	0	0	0	0	0	130395.8333	0	203268.1667	425	117275.5	224938.9167	695	132954.9167	93413.58333	0	1167.416667	130395.8333	772971.0833	131563.25	904534.3333
144	xrac24 hrs/mo	0	0	0	0	0	0	0	0	0	165607.8333	0	359042.3333	1284.833333	128632.6667	141544.5	0	42063.58333	0	171587.25	2174.416667	165607.8333	844155.1667	167782.25	1011937.417
145	xrac25 hrs/mo	0	0	0	0	0	0	0	0	0	126794.7778	0	626661.2222	902.6666667	73267.55556	88326.44444	0	699.8888889	0	46834.77778	0	126794.7778	836692.5556	126794.7778	963487.3333
146																						xrac18 %incr	0.3962114125	0.3359867484	0.3618594808
147	month	anvil	bridges2	cyclone	expanse	jetstream2	stampede3	all														xrac19 %incr	0.2450182104	0.07971846219	0.1588379216
148	2024-07			161518.0		270650.0	80604.0	512772.0														xrac20 %incr	0.4982646232	0.264973281	0.3987776096
149	2024-08		6656.0	173411.0	698.0	339159.0	128179.0	648105.0														xrac21 %incr	0.4989495411	0.06214560855	0.3747669123
150	2024-09		52922.0	156641.0	10283.0	166171.0	48028.0	434047.0														xrac22 %incr	0.06154400283	-0.2768471106	-0.01492554924
151	2024-10		84816.0	195714.0	42539.0	270906.0	25953.0	619929.0														xrac23 %incr	0.3917886967	-0.04327892984	0.3285087207
152	2024-11		86488.0	200544.0	31390.0	229174.0	31152.0	578750.0
153	2024-12	0.0	105366.0	198491.0	79671.0	241191.0	26463.0	651184.0
154	2025-01	0.0	70587.0	180258.0	52459.0	212300.0	16428.0	532035.0
155	2025-02		91593.0	165893.0	14607.0	224989.0	5159.0	502242.0
156	2025-03	37731.0	93935.0	190828.0	14104.0	546609.0	4817.0	888027.0
157	2025-04	83907.0	38941.0	151364.0	29991.0	348686.0	4249.0	657140.0
158	2025-05	56873.0		177130.0	25919.0	420340.0		680264.0
159	2025-06	130286.0		159491.0	2714.0	372797.0		665290.0
161	month	frontera	jetstream2	all
162	2024-07		1453.0	1453.0
163	2024-08	1129.0	1943.0	3072.0
164	2024-09	118.0	1704.0	1822.0
165	2024-10	173.0	1332.0	1506.0
166	2024-11	574.0	1478.0	2052.0
167	2024-12	7369.0	1318.0	8687.0
168	2025-01	653.0	205.0	858.0
169	2025-02	706.0	81.0	788.0
170	2025-03	290.0	1292.0	1583.0
171	2025-04	153.0	1591.0	1744.0
172	2025-05		1694.0	1694.0
173	2025-06		2301.0	2301.0
175	month	anvil	bridges2	cyclone	expanse	jetstream2	stampede3	all
176	2025-07	82889.0		138179.0	131968.0	270801.0	0.0	623839.0
177	2025-08	78551.0		128804.0	57847.0	566255.0		831458.0
178	2025-09	119192.0		100598.0	79087.0	604460.0		903339.0
179	2025-10	68948.0	82195.0	152833.0	40180.0	693777.0		1037935.0
180	2025-11	62094.0	90918.0	133290.0	105299.0	499579.0	2678.0	893860.0
181	2025-12	53364.0	84177.0	116500.0	69526.0	447786.0		771354.0
182	2026-01	41363.0	82988.0	100109.0	82738.0	620931.0	4.0	928135.0
183	2026-02	17734.0	126851.0	109568.0	102054.0	560047.0	64.0	916321.0
184	2026-03	101723.0		151235.0	149949.0	452224.0	9.0	855141.0
185	2026-04	41122.0	110606.0	148252.0	87963.0	757216.0	16.0	1145179.0
186	2026-05	35159.0	81673.0	165951.0	92530.0	1032535.0	487.0	1408338.0
187	2026-06	6.0		63415.0	64699.0	575856.0	3041.0	707019.0

=== SHEET: Job Counts (103 x 19) ===
1	month	jetstream-iu multi	jetstream-tacc multi	jetstream2 multi	jetstream-tacc xlarge	jetstream2-large	jetstream2-xlarge	js-combined	roundup multi	all multi/xlarge	roundup normal	bridges	stampede	total
2	2016-01							0	16359.0	16359	221790.0		39.0	238188
3	2016-02	1.0	1.0					2	17740.0	17742	239515.0		10.0	257267
4	2016-03	1.0	1.0					2	22462.0	22464	237449.0		245.0	260158
5	2016-04	1433.0	5262.0					6695	16702.0	23397	289078.0		202.0	312677
6	2016-05	2190.0	6504.0					8694	10492.0	19186	213905.0		96.0	233187
7	2016-06	2635.0	7169.0					9804	14008.0	23812	185591.0		150.0	209553
8	2016-07	4581.0						4581	16925.0	21506	168859.0		102.0	190467
9	2016-08	2107.0	2036.0					4143	14451.0	18594	146217.0		111.0	164922
10	2016-09	1703.0	4500.0					6203	13550.0	19753	146104.0	20.0	86.0	165963
11	2016-10	3704.0	5917.0					9621	10997.0	20618	146522.0	188.0	214.0	167542
12	2016-11	3242.0	4160.0					7402	12514.0	19916	142766.0	83.0	245.0	163010
13	2016-12	3261.0	4880.0					8141	10123.0	18264	132853.0	124.0	134.0	151375
14	2017-01	3308.0	4143.0					7451	13041.0	20492	161482.0	165.0	298.0	182437
15	2017-02	3049.0	6282.0					9331	15634.0	24965	166349.0	214.0	199.0	191727
16	2017-03	3295.0	6377.0					9672	14202.0	23874	175725.0	289.0	79.0	199967
17	2017-04	3200.0	5038.0					8238	11428.0	19666	163573.0	185.0	104.0	183528
18	2017-05	3441.0	5019.0					8460	13475.0	21935	172708.0	261.0	78.0	194982
19	2017-06	3366.0	4648.0					8014	14696.0	22710	161244.0	228.0	45.0	184227
20	2017-07	2214.0	2584.0					4798	17857.0	22655	150261.0	180.0	3.0	173099
21	2017-08	846.0	153.0					999	23880.0	24879	151803.0	232.0	1.0	176915
22	2017-09	906.0	77.0					983	26356.0	27339	176194.0	319.0	9.0	203861
23	2017-10	1289.0	789.0					2078	28818.0	30896	196098.0	597.0	132.0	227723
24	2017-11	2337.0	2196.0					4533	35148.0	39681	242105.0	533.0	116.0	282435
25	2017-12	573.0	266.0					839	30084.0	30923	170784.0	285.0	67.0	202059
26	2018-01	1385.0	344.0					1729	27617.0	29346	201898.0	733.0	133.0	232110
27	2018-02	2302.0	2205.0					4507	28446.0	32953	235086.0	635.0	282.0	268956
28	2018-03	3224.0	2774.0					5998	40065.0	46063	250853.0	673.0	91.0	297680
29	2018-04	2882.0	2725.0					5607	31684.0	37291	206800.0	1017.0	396.0	245504
30	2018-05	3715.0	2115.0					5830	28475.0	34305	222760.0	738.0	115.0	257918
31	2018-06	3012.0	2568.0					5580	26806.0	32386	217092.0	564.0	58.0	250100
32	2018-07	4393.0	1026.0					5419	24321.0	29740	162358.0	435.0	28.0	192561
33	2018-08	2945.0	1955.0					4900	23080.0	27980	149065.0	797.0	29.0	177871
34	2018-09	4108.0	775.0					4883	22595.0	27478	181792.0	647.0	21.0	209938
35	2018-10	10401.0	640.0					11041	25594.0	36635				36635
36	2018-11	4385.0	4309.0					8694	24813.0	33507				33507
37	2018-12	3874.0	729.0					4603	25437.0	30040				30040
38	2019-01	6239.0	677.0					6916	28307.0	35223				35223
39	2019-02	5276.0	1096.0					6372	27405.0	33777				33777
40	2019-03	5160.0	1564.0					6724	26135.0	32859				32859
41	2019-04	7176.0	771.0					7947	30233.0	38180				38180
42	2019-05	10669.0	1247.0					11916	31951.0	43867				43867
43	2019-06	7517.0	734.0					8251	31699.0	39950				39950
44	2019-07	10485.0	1284.0					11769	26886.0	38655				38655
45	2019-08	6616.0	293.0					6909	24704.0	31613				31613
46	2019-09	5382.0	365.0					5747	27742.0	33489				33489
47	2019-10	8724.0	35.0					8759	28602.0	37361				37361
48	2019-11	9528.0	0.0					9528	27400.0	36928				36928
49	2019-12	5588.0	0.0					5588	31995.0	37583				37583
50	2020-01	5899.0	0.0					5899	28653.0	34552				34552
51	2020-02	8129.0	0.0					8129	28247.0	36376				36376
52	2020-03	10776.0	0.0					10776	41283.0	52059				52059
53	2020-04	15027.0	0.0					15027	75396.0	90423				90423
54	2020-05	13039.0	0.0					13039	77357.0	90396				90396
55	2020-06	12988.0	0.0					12988	75022.0	88010				88010
56	2020-07	16743.0	0.0		569.0			17312	85981.0	103293	320371.0	250.0	180.0	424094
57	2020-08	13519.0	0.0		993.0			14512	123420.0	137932	369407.0	145.0	983.0	508467
58	2020-09	11725.0	0.0		2274.0			13999	163238.0	177237	392174.0	259.0	279.0	569949
59	2020-10	13732.0	0.0		1984.0			15716	74352.0	90068	273266.0	348.0	193.0	363875
60	2020-11	16257.0	0.0		1850.0			18107	89575.0	107682	348335.0	461.0	135.0	456613
61	2020-12	11013.0	0.0		2275.0			13288	96534.0	109822	292272.0	328.0	356.0	402778
62	2021-01	17389.0	0.0		2101.0			19490	76811.0	96301	333549.0	666.0	462.0	430978
63	2021-02	7187.0	0.0		2048.0			9235	89132.0	98367	252986.0	659.0	164.0	352176
64	2021-03	28505.0	0.0		3875.0			32380	98797.0	131177	334591.0	164.0	196.0	466128
65	2021-04	16465.0	0.0		2715.0			19180	81137.0	100317	287989.0	313.0	212.0	388831
66	2021-05	17047.0	0.0		3184.0			20231	117781.0	138012	368402.0	424.0	201.0	507039
67	2021-06	14463.0	2989.0		1961.0			19413	99545.0	118958	460340.0	1298.0	137.0	580733
68	2021-07	4960.0	1253.0		1244.0			7457	99724.0	107181	349617.0	1423.0	182.0	458403
69	2021-08	10800.0	3338.0		905.0			15043	63703.0	78746	310424.0	274.0	185.0	389629
70	2021-09	8681.0	3062.0		1053.0			12796	68626.0	81422	237365.0	27.0	74.0	318888
71	2021-10	13087.0	5367.0		1839.0			20293	127613.0	147906	423706.0	634.0	212.0	572458
72	2021-11	14857.0	3295.0		2033.0			20185	85682.0	105867	338868.0	394.0	165.0	445294
73	2021-12	8744.0	3103.0	2.0	1635.0			13484	86988.0	100472	299178.0	916.0	822.0	401388
74	2022-01	6928.0	1914.0		1492.0			10334	88410.0	98744	294157.0	635.0	113.0	393649
75	2022-02	6461.0	1823.0		1849.0			10133	96265.0	106398	344830.0	806.0	130.0	452164
76	2022-03	9758.0	1897.0	3.0	1870.0			13528	87086.0	100614	342823.0	437.0	192.0	444066
77	2022-04	11354.0	1396.0	5968.0	2745.0			21463	103545.0	125008	380317.0	0.0	615.0	505940
78	2022-05	12754.0	2209.0	8988.0	1676.0			25627	92484.0	118111	611575.0	0.0	2041.0	731727
79	2022-06	19495.0	4023.0	12835.0	1761.0			38114	78514.0	116628	638114.0	0.0	707.0	755449
80	2022-07
81	2022-08
82	2022-09
83	2022-10
84	2022-11
85	2022-12
86	2023-01
87	2023-02
88	2023-03
89	2023-04
90	2023-05
91	2023-06
92	xrac17 sum	48483	74751					123234	326892	450126	3749988	2488	2450	4205052
93	xrac18 sum	32165	19738					51903	347139	399042	2436691	7654	1468	2844855
94	xrac19 sum	172878	13744		0			186622	744861	931483	0	0	0	931483
95	xrac20 sum	184045	2989		25829			212863	1196303	1409166	4033682	5315	3498	5451661
96	xrac21 sum	127879	32680	27796	20102			208457	1078640	1287097	4570974	5546	5438	5869055
97	xrac21 sum	0	0	0	0	0	0	0	0	0	0	0	0	0
98	xrac17 jobs/mo	2424.15	3737.55					6161.7	16344.6	22506.3	187499.4	124.4	122.5	210252.6
99	xrac18 jobs/mo	2680.416667	1644.833333					4325.25	28928.25	33253.5	203057.5833	637.8333333	122.3333333	237071.25
100	xrac19 jobs/mo	8232.285714	654.4761905		0			8886.761905	35469.57143	44356.33333	0	0	0	44356.33333
101	xrac20 jobs/mo	15337.08333	249.0833333		2152.416667			17738.58333	99691.91667	117430.5	336140.1667	442.9166667	291.5	454305.0833
102	xrac21 jobs/mo	10656.58333	2723.333333	2316.333333	1675.166667			17371.41667	89886.66667	107258.0833	380914.5	462.1666667	453.1666667	489087.9167
103	xrac21 jobs/mo	0	0	0	0	0	0	0	0	0	0	0	0	0

=== SHEET: Cores vs. Runtime (6 x 3) ===
1	Avg. Cores	Avg. Runtime(m)	Destination
2	29.7913651712493	193.19526049204	Bridges-2 RM
3	10.0	23.7594423259521	Jetstream (m1.large)
4	24.0	57.7357899273488	Jetstream (m1.xlarge)
5	2.21865598272039	6.52265757191483	Galaxy Cluster
6	62.4259902710215	23.9356446101273	Stampede 2

=== SHEET: IGNORE Active monthly users (1039 x 2) ===
1	Number of "Active monthly users", identified as a REGISTERED user that has submitted at least one job in the given month.
2	SQL command: SELECT date_trunc('month', create_time) as active_month, COUNT(DISTINCT user_id) FROM job WHERE create_time >= '2020-01-01' AND create_time <= '2020-06-30' GROUP BY active_month ORDER BY active_month asc;
3	NOTE: This was for Vahid, the new data is on User/Job Data
5	Month	Active users
6	2017-01	3531.0
7	2017-02	3916.0
8	2017-03	4616.0
9	2017-04	3847.0
10	2017-05	4269.0
11	2017-06	3586.0
12	2017-07	3020.0
13	2017-08	2900.0
14	2017-09	3552.0
15	2017-10	4220.0
16	2017-11	5163.0
17	2017-12	3952.0
18	2018-01	3790.0
19	2018-02	4299.0
20	2018-03	5361.0
21	2018-04	4979.0
22	2018-05	5081.0
23	2018-06	4144.0
24	2018-07	3733.0
25	2018-08	3523.0
26	2018-09	4052.0
27	2018-10	5596.0
28	2018-11	6051.0
29	2018-12	4838.0
30	2019-01	4638.0
31	2019-02	4537.0
32	2019-03	5494.0
33	2019-04	5198.0
34	2019-05	5313.0
35	2019-06	4189.0
36	2019-07	4314.0
37	2019-08	3751.0
38	2019-09	4519.0
39	2019-10	6254.0
40	2019-11	7088.0
41	2019-12	4737.0
42	2020-01	4918.0
43	2020-02	5202.0
44	2020-03	6790.0
45	2020-04	6623.0
46	2020-05	6712.0
47	2020-06	5390.0
